,state,area (sq. mi),total_cost1
0,AL,52423,49306248.27
1,AK,656425,161493.91
2,AZ,114006,15464624.48
3,AR,53182,3165563.78
4,CA,163707,22610606.94
5,CO,104100,2676115.22
6,CT,5544,169019.86
7,DE,1954,6272859.22
8,FL,65758,1215851.7
9,GA,59441,26167677.67
10,ID,83574,1138910.94
11,IL,57918,15723930.69
12,IN,36420,13051718.24
13,IA,56276,659724.76
14,KS,82282,87334.48
15,KY,40411,9624312.92
16,LA,51843,324932.2
17,ME,35387,3567056.32
18,MD,12407,192253.36
19,MA,10555,2476057.0100000002
20,MI,96810,23086358.68
21,MN,86943,36146.0
22,MS,48434,500773.45999999996
23,MO,69709,2425337.9
24,MT,147046,7256590.37
25,NE,77358,132151.57
26,NV,110567,627351.96
27,NH,9351,2573629.28
28,NJ,8722,2856881.95
29,NM,121593,2232967.3
30,NY,54475,1058188.41
31,NC,53821,2609483.98
32,ND,70704,1931007.83
33,OH,44828,20479704.92
34,OK,69903,350540.95
35,OR,98386,643432.93
36,PA,46058,853436.18
37,RI,1545,2698474.8
38,SC,32007,6255374.93
39,SD,77121,79317.64
40,TN,42146,20587771.98
41,TX,268601,30583334.56
42,UT,84904,600260.53
43,VT,9615,184042.33
44,VA,42769,1556699.57
45,WA,71303,4168182.43
46,WV,24231,3868878.51
47,WI,65503,4402474.39
48,WY,97818,1195676.37
49,DC,68,159112.68
